TRAINING RESULT 
TOTAL ACC 0.7060884859964822
TESTING RESULT 
812
529
1132
709
641
473
1005
935
855
431
643
785
358
650
566
1232
890
690
2104
1023
923
427
614
882
534
1869
637
767
699
837
2115
2297
844
612
548
953
907
729
581
819
1118
737
477
1307
1739
995
1209
928
1078
305
339
1197
791
1535
1227
1829
1678
844
2602
533
640
511
826
970
815
812
929
1026
429
976
478
1490
606
475
1028
804
474
802
1372
1911
937
889
1061
513
1245
351
981
730
919
461
632
2266
705
746
1134
700
719
1647
895
842
832
TOTAL ACC 0.727683266316115
