TRAINING RESULT 
TOTAL ACC 0.7326748748477878
TESTING RESULT 
0.712
0.17692307692307693
0.9733333333333334
0.7920454545454545
0.7083333333333334
0.6819444444444445
0.90625
0.7071428571428572
0.6347222222222222
0.611904761904762
0.7934210526315789
0.8571428571428571
0.6589285714285714
0.8166666666666667
0.8527777777777777
0.7410714285714286
0.9416666666666667
0.6492424242424243
0.9981132075471698
0.7021428571428572
0.7564516129032258
0.6342105263157894
0.7380952380952381
0.7586206896551724
0.915
0.8463636363636363
0.5491666666666667
0.731
0.6386363636363637
0.7739583333333333
0.90875
0.7940789473684211
0.6911290322580645
0.4685483870967742
0.809375
0.775
0.7783333333333333
0.7203703703703703
0.81
0.5847222222222223
0.6715116279069767
0.8920454545454546
0.5726190476190476
0.6427083333333333
0.8092105263157895
0.7954545454545454
0.9181818181818182
0.7405172413793103
0.793918918918919
0.6461538461538462
0.7173076923076923
0.8763888888888889
0.6235294117647059
0.6830357142857143
0.8361111111111111
0.9940217391304348
0.7828703703703703
0.756896551724138
0.9557971014492753
0.695
0.8325
0.5611111111111111
0.759
0.6756944444444445
0.6705882352941176
0.6620689655172414
0.7
0.9258333333333333
0.54375
0.8678571428571429
0.63875
0.710377358490566
0.7636363636363637
0.6661764705882353
0.7044871794871795
0.915625
0.7720588235294118
0.8375
0.9465277777777777
0.9348039215686275
0.6587837837837838
0.6641891891891892
0.6993421052631579
0.825
0.9321428571428572
0.6483333333333333
0.63625
0.6613636363636364
0.6810975609756098
0.5729166666666666
0.75625
0.993859649122807
0.6542857142857142
0.7074074074074074
0.6636904761904762
0.6198275862068966
0.7416666666666667
0.637962962962963
0.8206896551724138
0.815
0.8098214285714286
TOTAL ACC 0.7454365356541389
