TRAINING RESULT 
TOTAL ACC 0.8364091462589636
TESTING RESULT 
881
785
1174
786
834
594
1086
1132
1165
646
713
978
438
754
674
1456
960
981
2118
1187
1036
553
699
1062
577
2061
846
903
783
925
2215
2729
983
797
596
1151
1050
885
670
1097
1372
839
667
1697
2082
1168
1266
1118
1285
388
407
1305
1085
1746
1302
1840
1976
1008
2758
638
715
691
886
1158
1024
1033
1085
1098
630
1027
675
1905
710
575
1455
919
579
915
1433
2016
1200
1193
1222
606
1619
440
1213
1090
1208
678
776
2280
1010
878
1518
861
776
1961
1013
1067
956
TOTAL ACC 0.8583436436746056
