TRAINING RESULT 
TOTAL ACC 0.8539710458665946
TESTING RESULT 
846
694
1195
809
873
621
1075
1201
1291
684
695
1041
448
757
690
1509
953
1043
2119
1213
1034
603
724
1093
582
2086
885
888
766
854
2267
2794
978
735
571
1119
1089
942
718
1114
1361
843
688
1599
2090
1203
1273
1073
1329
413
449
1363
1106
1748
1301
1839
1992
1040
2759
641
713
772
875
1158
1055
1075
1019
1152
598
1031
705
1948
775
577
1474
914
611
937
1436
2006
1264
1211
1231
648
1629
459
1214
1094
1305
674
872
2280
1145
861
1511
859
752
1870
1046
1134
1009
TOTAL ACC 0.8707701824930405
