TRAINING RESULT 
TOTAL ACC 0.3880225950480314
TESTING RESULT 
452
197
566
336
311
223
541
446
330
160
247
324
152
359
378
571
469
298
1232
512
748
227
390
377
328
743
279
357
331
541
1868
1041
391
322
283
362
513
331
266
374
507
453
195
540
1007
507
940
514
648
178
224
1002
388
893
469
1523
748
473
969
297
308
213
484
682
379
284
563
650
185
687
187
701
392
184
418
443
304
407
1125
955
463
354
588
382
429
202
447
262
396
200
336
1437
275
577
487
271
392
657
647
367
503
TOTAL ACC 0.38566347046087224
