TRAINING RESULT 
TOTAL ACC 0.295934244351238
TESTING RESULT 
0.275
0.24807692307692308
0.3591666666666667
0.37727272727272726
0.375
0.3375
0.4080357142857143
0.335
0.2902777777777778
0.2392857142857143
0.26052631578947366
0.2669642857142857
0.2571428571428571
0.18214285714285713
0.2375
0.3047619047619048
0.4895833333333333
0.2015151515151515
0.4830188679245283
0.28285714285714286
0.27903225806451615
0.3223684210526316
0.3380952380952381
0.38620689655172413
0.29333333333333333
0.3140909090909091
0.32416666666666666
0.286
0.36022727272727273
0.3
0.25916666666666666
0.28717105263157894
0.3524193548387097
0.24516129032258063
0.2875
0.2701612903225806
0.3258333333333333
0.25462962962962965
0.28125
0.23402777777777778
0.2738372093023256
0.39204545454545453
0.3535714285714286
0.44479166666666664
0.2614035087719298
0.23333333333333334
0.4113636363636364
0.35086206896551725
0.275
0.3557692307692308
0.2519230769230769
0.30416666666666664
0.3411764705882353
0.25669642857142855
0.23680555555555555
0.7146739130434783
0.33101851851851855
0.18189655172413793
0.44963768115942027
0.215
0.24375
0.29814814814814816
0.368
0.30277777777777776
0.2551470588235294
0.3
0.2775862068965517
0.33916666666666667
0.2775
0.3151785714285714
0.29
0.26933962264150946
0.28295454545454546
0.3044117647058823
0.37051282051282053
0.27395833333333336
0.2867647058823529
0.44479166666666664
0.2611111111111111
0.382843137254902
0.3331081081081081
0.3310810810810811
0.25526315789473686
0.22647058823529412
0.1976190476190476
0.175
0.27125
0.2356060606060606
0.25121951219512195
0.278125
0.34375
0.5855263157894737
0.30142857142857143
0.21296296296296297
0.20773809523809525
0.2896551724137931
0.4154761904761905
0.3296296296296296
0.3112068965517241
0.2991666666666667
0.2517857142857143
TOTAL ACC 0.30785596969484025
